# 300 300
00674 260.4565124511719 121.5 15.140812873840332
00674 179.5 21.5 1.581238865852356
# 300 300
00671 191.0 192.0 1.414313554763794
00671 172.5 179.5 1.581238865852356
00671 260.3888854980469 121.5 13.83890151977539
# 300 300
00672 260.1218566894531 121.13865661621094 14.244084358215332
# 300 300
00670 287.5 251.64285278320312 3.677114725112915
00670 260.2328796386719 121.123291015625 13.36539363861084
00670 193.5 0.5 1.581238865852356
# 300 300
00673 260.21685791015625 121.36345672607422 14.609424591064453
# 300 300
00678 181.0 201.0 1.414313554763794
00678 139.0 93.75 1.250100016593933
# 300 300
00675 260.45123291015625 121.581298828125 15.665443420410156
00675 298.5 85.5 1.581238865852356
# 300 300
# 300 300
# 300 300
00676 287.0 252.0 1.414313554763794
00676 182.0 197.0 1.414313554763794
